0.000000E+00 -.750000E+00 -.250000E+00 0.250000E+00 0.750000E+00
-.200000E+01 0.000000E+00 0.000000E+00 0.000000E+00 0.000000E+00
-.150000E+01 0.000000E+00 -.206587E+01 0.000000E+00 0.000000E+00
-.100000E+01 0.000000E+00 -.150485E+00 0.000000E+00 0.000000E+00
-.500000E+00 0.000000E+00 0.655542E+00 0.000000E+00 0.000000E+00
0.000000E+00 0.000000E+00 0.396374E-01 0.000000E+00 0.000000E+00
0.500000E+00 0.000000E+00 -.285990E+00 0.000000E+00 0.000000E+00
0.100000E+01 0.000000E+00 -.344561E+00 0.000000E+00 0.000000E+00
0.150000E+01 0.000000E+00 0.000000E+00 0.000000E+00 0.000000E+00
0.000000E+00 -.750000E+00 -.250000E+00 0.250000E+00 0.750000E+00
-.200000E+01 0.000000E+00 0.000000E+00 0.000000E+00 0.000000E+00
-.150000E+01 0.000000E+00 -.253177E+01 0.000000E+00 0.000000E+00
-.100000E+01 0.000000E+00 -.320003E+00 0.000000E+00 0.000000E+00
-.500000E+00 0.000000E+00 0.532183E+00 0.000000E+00 0.000000E+00
0.000000E+00 0.000000E+00 0.929961E-01 0.000000E+00 0.000000E+00
0.500000E+00 0.000000E+00 -.203388E+00 0.000000E+00 0.000000E+00
0.100000E+01 0.000000E+00 -.874140E-01 0.000000E+00 0.000000E+00
0.150000E+01 0.000000E+00 0.000000E+00 0.000000E+00 0.000000E+00
0.000000E+00 -.750000E+00 -.250000E+00 0.250000E+00 0.750000E+00
-.200000E+01 0.000000E+00 0.000000E+00 0.000000E+00 0.000000E+00
-.150000E+01 0.000000E+00 -.250050E+01 0.000000E+00 0.000000E+00
-.100000E+01 0.000000E+00 -.255422E+00 0.000000E+00 0.000000E+00
-.500000E+00 0.000000E+00 0.603106E+00 0.000000E+00 0.000000E+00
0.000000E+00 0.000000E+00 0.403040E-01 0.000000E+00 0.000000E+00
0.500000E+00 0.000000E+00 -.178780E+00 0.000000E+00 0.000000E+00
0.100000E+01 0.000000E+00 -.307527E+00 0.000000E+00 0.000000E+00
0.150000E+01 0.000000E+00 0.000000E+00 0.000000E+00 0.000000E+00
0.000000E+00 -.750000E+00 -.250000E+00 0.250000E+00 0.750000E+00
-.200000E+01 0.000000E+00 0.000000E+00 0.000000E+00 0.000000E+00
-.150000E+01 0.000000E+00 -.261504E+01 0.000000E+00 0.000000E+00
-.100000E+01 0.000000E+00 -.438534E+00 0.000000E+00 0.000000E+00
-.500000E+00 0.000000E+00 0.529420E+00 0.000000E+00 0.000000E+00
0.000000E+00 0.000000E+00 -.719603E-07 0.000000E+00 0.000000E+00
0.500000E+00 0.000000E+00 -.220148E-06 0.000000E+00 0.000000E+00
0.100000E+01 0.000000E+00 -.651905E-05 0.000000E+00 0.000000E+00
0.150000E+01 0.000000E+00 0.000000E+00 0.000000E+00 0.000000E+00
0.000000E+00 -.750000E+00 -.250000E+00 0.250000E+00 0.750000E+00
-.200000E+01 0.000000E+00 0.000000E+00 0.000000E+00 0.000000E+00
-.150000E+01 0.000000E+00 -.253953E+01 0.000000E+00 0.000000E+00
-.100000E+01 0.000000E+00 -.337240E+00 0.000000E+00 0.000000E+00
-.500000E+00 0.000000E+00 0.523290E+00 0.000000E+00 0.000000E+00
0.000000E+00 0.000000E+00 0.764760E-01 0.000000E+00 0.000000E+00
0.500000E+00 0.000000E+00 -.117414E+00 0.000000E+00 0.000000E+00
0.100000E+01 0.000000E+00 -.229901E+00 0.000000E+00 0.000000E+00
0.150000E+01 0.000000E+00 0.000000E+00 0.000000E+00 0.000000E+00
0.000000E+00 -.750000E+00 -.250000E+00 0.250000E+00 0.750000E+00
-.200000E+01 0.000000E+00 0.000000E+00 0.000000E+00 0.000000E+00
-.150000E+01 0.000000E+00 -.260765E+01 0.000000E+00 0.000000E+00
-.100000E+01 0.000000E+00 -.464816E+00 0.000000E+00 0.000000E+00
-.500000E+00 0.000000E+00 0.519513E+00 0.000000E+00 0.000000E+00
0.000000E+00 0.000000E+00 0.840883E-02 0.000000E+00 0.000000E+00
0.500000E+00 0.000000E+00 -.270597E-06 0.000000E+00 0.000000E+00
0.100000E+01 0.000000E+00 0.216351E-01 0.000000E+00 0.000000E+00
0.150000E+01 0.000000E+00 0.000000E+00 0.000000E+00 0.000000E+00
0.000000E+00 -.750000E+00 -.250000E+00 0.250000E+00 0.750000E+00
-.200000E+01 0.000000E+00 0.000000E+00 0.000000E+00 0.000000E+00
-.150000E+01 0.000000E+00 -.261180E+01 0.000000E+00 0.000000E+00
-.100000E+01 0.000000E+00 -.451457E+00 0.000000E+00 0.000000E+00
-.500000E+00 0.000000E+00 0.537420E+00 0.000000E+00 0.000000E+00
0.000000E+00 0.000000E+00 -.769529E-07 0.000000E+00 0.000000E+00
0.500000E+00 0.000000E+00 -.235248E-06 0.000000E+00 0.000000E+00
0.100000E+01 0.000000E+00 -.782461E-05 0.000000E+00 0.000000E+00
0.150000E+01 0.000000E+00 0.000000E+00 0.000000E+00 0.000000E+00
0.000000E+00 -.750000E+00 -.250000E+00 0.250000E+00 0.750000E+00
-.200000E+01 0.000000E+00 0.000000E+00 0.000000E+00 0.000000E+00
-.150000E+01 0.000000E+00 -.259926E+01 0.000000E+00 0.000000E+00
-.100000E+01 0.000000E+00 -.449961E+00 0.000000E+00 0.000000E+00
-.500000E+00 0.000000E+00 0.435205E+00 0.000000E+00 0.000000E+00
0.000000E+00 0.000000E+00 0.387734E-01 0.000000E+00 0.000000E+00
0.500000E+00 0.000000E+00 -.463872E-02 0.000000E+00 0.000000E+00
0.100000E+01 0.000000E+00 0.443124E-01 0.000000E+00 0.000000E+00
0.150000E+01 0.000000E+00 0.000000E+00 0.000000E+00 0.000000E+00
0.000000E+00 -.750000E+00 -.250000E+00 0.250000E+00 0.750000E+00
-.200000E+01 0.000000E+00 0.000000E+00 0.000000E+00 0.000000E+00
-.150000E+01 0.000000E+00 -.262924E+01 0.000000E+00 0.000000E+00
-.100000E+01 0.000000E+00 -.336886E+00 0.000000E+00 0.000000E+00
-.500000E+00 0.000000E+00 0.497893E+00 0.000000E+00 0.000000E+00
0.000000E+00 0.000000E+00 -.498074E-07 0.000000E+00 0.000000E+00
0.500000E+00 0.000000E+00 -.205933E-06 0.000000E+00 0.000000E+00
0.100000E+01 0.000000E+00 -.412608E-05 0.000000E+00 0.000000E+00
0.150000E+01 0.000000E+00 0.000000E+00 0.000000E+00 0.000000E+00
0.000000E+00 -.750000E+00 -.250000E+00 0.250000E+00 0.750000E+00
-.200000E+01 0.000000E+00 0.000000E+00 0.000000E+00 0.000000E+00
-.150000E+01 0.000000E+00 -.247011E+01 0.000000E+00 0.000000E+00
-.100000E+01 0.000000E+00 -.187526E+00 0.000000E+00 0.000000E+00
-.500000E+00 0.000000E+00 0.603842E+00 0.000000E+00 0.000000E+00
0.000000E+00 0.000000E+00 0.110073E+00 0.000000E+00 0.000000E+00
0.500000E+00 0.000000E+00 -.213868E+00 0.000000E+00 0.000000E+00
0.100000E+01 0.000000E+00 -.390727E+00 0.000000E+00 0.000000E+00
0.150000E+01 0.000000E+00 0.000000E+00 0.000000E+00 0.000000E+00
0.000000E+00 -.750000E+00 -.250000E+00 0.250000E+00 0.750000E+00
-.200000E+01 0.000000E+00 0.000000E+00 0.000000E+00 0.000000E+00
-.150000E+01 0.000000E+00 -.261215E+01 0.000000E+00 0.000000E+00
-.100000E+01 0.000000E+00 -.461698E+00 0.000000E+00 0.000000E+00
-.500000E+00 0.000000E+00 0.549154E+00 0.000000E+00 0.000000E+00
0.000000E+00 0.000000E+00 -.109667E-06 0.000000E+00 0.000000E+00
0.500000E+00 0.000000E+00 -.232930E-06 0.000000E+00 0.000000E+00
0.100000E+01 0.000000E+00 -.119398E-04 0.000000E+00 0.000000E+00
0.150000E+01 0.000000E+00 0.000000E+00 0.000000E+00 0.000000E+00
0.000000E+00 -.750000E+00 -.250000E+00 0.250000E+00 0.750000E+00
-.200000E+01 0.000000E+00 0.000000E+00 0.000000E+00 0.000000E+00
-.150000E+01 0.000000E+00 -.250789E+01 0.000000E+00 0.000000E+00
-.100000E+01 0.000000E+00 -.256435E+00 0.000000E+00 0.000000E+00
-.500000E+00 0.000000E+00 0.542673E+00 0.000000E+00 0.000000E+00
0.000000E+00 0.000000E+00 0.180970E+00 0.000000E+00 0.000000E+00
0.500000E+00 0.000000E+00 -.259885E+00 0.000000E+00 0.000000E+00
0.100000E+01 0.000000E+00 -.180071E+00 0.000000E+00 0.000000E+00
0.150000E+01 0.000000E+00 0.000000E+00 0.000000E+00 0.000000E+00
0.000000E+00 -.750000E+00 -.250000E+00 0.250000E+00 0.750000E+00
-.200000E+01 0.000000E+00 0.000000E+00 0.000000E+00 0.000000E+00
-.150000E+01 0.000000E+00 -.228766E+01 0.000000E+00 0.000000E+00
-.100000E+01 0.000000E+00 -.694842E+00 0.000000E+00 0.000000E+00
-.500000E+00 0.000000E+00 0.499671E+00 0.000000E+00 0.000000E+00
0.000000E+00 0.000000E+00 0.107781E+00 0.000000E+00 0.000000E+00
0.500000E+00 0.000000E+00 -.218682E-01 0.000000E+00 0.000000E+00
0.100000E+01 0.000000E+00 -.443180E-01 0.000000E+00 0.000000E+00
0.150000E+01 0.000000E+00 0.000000E+00 0.000000E+00 0.000000E+00
0.000000E+00 -.750000E+00 -.250000E+00 0.250000E+00 0.750000E+00
-.200000E+01 0.000000E+00 0.000000E+00 0.000000E+00 0.000000E+00
-.150000E+01 0.000000E+00 -.217735E+01 0.000000E+00 0.000000E+00
-.100000E+01 0.000000E+00 -.572731E+00 0.000000E+00 0.000000E+00
-.500000E+00 0.000000E+00 0.505914E+00 0.000000E+00 0.000000E+00
0.000000E+00 0.000000E+00 0.752219E-02 0.000000E+00 0.000000E+00
0.500000E+00 0.000000E+00 -.250722E-06 0.000000E+00 0.000000E+00
0.100000E+01 0.000000E+00 0.250171E-01 0.000000E+00 0.000000E+00
0.150000E+01 0.000000E+00 0.000000E+00 0.000000E+00 0.000000E+00
0.000000E+00 -.750000E+00 -.250000E+00 0.250000E+00 0.750000E+00
-.200000E+01 0.000000E+00 0.000000E+00 0.000000E+00 0.000000E+00
-.150000E+01 0.000000E+00 -.229080E+01 0.000000E+00 0.000000E+00
-.100000E+01 0.000000E+00 -.186725E+00 0.000000E+00 0.000000E+00
-.500000E+00 0.000000E+00 0.312302E+00 0.000000E+00 0.000000E+00
0.000000E+00 0.000000E+00 0.110341E+00 0.000000E+00 0.000000E+00
0.500000E+00 0.000000E+00 -.647324E-01 0.000000E+00 0.000000E+00
0.100000E+01 0.000000E+00 -.484538E-01 0.000000E+00 0.000000E+00
0.150000E+01 0.000000E+00 0.000000E+00 0.000000E+00 0.000000E+00
0.000000E+00 -.750000E+00 -.250000E+00 0.250000E+00 0.750000E+00
-.200000E+01 0.000000E+00 0.000000E+00 0.000000E+00 0.000000E+00
-.150000E+01 0.000000E+00 -.176786E+01 0.000000E+00 0.000000E+00
-.100000E+01 0.000000E+00 -.579802E+00 0.000000E+00 0.000000E+00
-.500000E+00 0.000000E+00 0.400484E+00 0.000000E+00 0.000000E+00
0.000000E+00 0.000000E+00 0.516105E+00 0.000000E+00 0.000000E+00
0.500000E+00 0.000000E+00 0.548515E+00 0.000000E+00 0.000000E+00
0.100000E+01 0.000000E+00 -.215774E+01 0.000000E+00 0.000000E+00
0.150000E+01 0.000000E+00 0.000000E+00 0.000000E+00 0.000000E+00
0.000000E+00 -.750000E+00 -.250000E+00 0.250000E+00 0.750000E+00
-.200000E+01 0.000000E+00 0.000000E+00 0.000000E+00 0.000000E+00
-.150000E+01 0.000000E+00 -.212575E+01 0.000000E+00 0.000000E+00
-.100000E+01 0.000000E+00 -.116410E+01 0.000000E+00 0.000000E+00
-.500000E+00 0.000000E+00 0.405266E+00 0.000000E+00 0.000000E+00
0.000000E+00 0.000000E+00 0.528854E-01 0.000000E+00 0.000000E+00
0.500000E+00 0.000000E+00 0.787544E+00 0.000000E+00 0.000000E+00
0.100000E+01 0.000000E+00 -.150291E+01 0.000000E+00 0.000000E+00
0.150000E+01 0.000000E+00 0.000000E+00 0.000000E+00 0.000000E+00
0.000000E+00 -.750000E+00 -.250000E+00 0.250000E+00 0.750000E+00
-.200000E+01 0.000000E+00 0.000000E+00 0.000000E+00 0.000000E+00
-.150000E+01 0.000000E+00 -.223267E+01 0.000000E+00 0.000000E+00
-.100000E+01 0.000000E+00 -.392504E+00 0.000000E+00 0.000000E+00
-.500000E+00 0.000000E+00 0.514060E+00 0.000000E+00 0.000000E+00
0.000000E+00 0.000000E+00 0.115203E+00 0.000000E+00 0.000000E+00
0.500000E+00 0.000000E+00 -.612355E-01 0.000000E+00 0.000000E+00
0.100000E+01 0.000000E+00 -.399423E+00 0.000000E+00 0.000000E+00
0.150000E+01 0.000000E+00 0.000000E+00 0.000000E+00 0.000000E+00
0.000000E+00 -.750000E+00 -.250000E+00 0.250000E+00 0.750000E+00
-.200000E+01 0.000000E+00 0.000000E+00 0.000000E+00 0.000000E+00
-.150000E+01 0.000000E+00 -.235332E+01 0.000000E+00 0.000000E+00
-.100000E+01 0.000000E+00 -.160778E+00 0.000000E+00 0.000000E+00
-.500000E+00 0.000000E+00 0.370790E+00 0.000000E+00 0.000000E+00
0.000000E+00 0.000000E+00 0.195409E-07 0.000000E+00 0.000000E+00
0.500000E+00 0.000000E+00 0.242827E-02 0.000000E+00 0.000000E+00
0.100000E+01 0.000000E+00 0.341760E-01 0.000000E+00 0.000000E+00
0.150000E+01 0.000000E+00 0.000000E+00 0.000000E+00 0.000000E+00
0.000000E+00 -.750000E+00 -.250000E+00 0.250000E+00 0.750000E+00
-.200000E+01 0.000000E+00 0.000000E+00 0.000000E+00 0.000000E+00
-.150000E+01 0.000000E+00 -.216420E+01 0.000000E+00 0.000000E+00
-.100000E+01 0.000000E+00 -.490485E+00 0.000000E+00 0.000000E+00
-.500000E+00 0.000000E+00 0.267413E+00 0.000000E+00 0.000000E+00
0.000000E+00 0.000000E+00 -.910960E-01 0.000000E+00 0.000000E+00
0.500000E+00 0.000000E+00 0.795002E-01 0.000000E+00 0.000000E+00
0.100000E+01 0.000000E+00 0.173711E+00 0.000000E+00 0.000000E+00
0.150000E+01 0.000000E+00 0.000000E+00 0.000000E+00 0.000000E+00
